750
973 974
517 518
138 143
820
4
384 385
762 763
914
714 715
875
145
421
849
382 383
142
346
446
565
844
933
258
735 737
671
861 862
11
613
490 492
189
606
543 544
354
564 566
826
192
153 155
370
589 590
821
660 661
699 700
111
398 399
924
92
486
68 69
916 918
349
989
929 930
958 960
766
508
205
46 47
40 44
326
17
724
362
50
481 482
679
345 350
265
791
457
705 709
830
975
256 257
444 445
819
743
818 824
642
931
905
230
27 30
285 288
201
19
919 920
692
877
198 199
284
260
657 659
574
210
624 625
479
767
925
728
971
422 424
770 773
673 674
637 643
904 909
494 495
118 119
25
81
884 885
550
771
681 683
15 18
736
778
559
423
951
464 465
597
377
540
725
177
110
521 522
599 600
259 262
34
14
609 612
217
506
815
144 146
740 744
697 698
531
873 876
745
148
439
270 271
268
472
428 432
386 388
90
977 979
289 290
367
985 988
890
141
808 810
523 524
22
733
706
658
596
546
23
510 511
618 619
776
359 363
151 152
569
611
13
241
41
530
489
324 327
263 264
99 101
476 478
641
447 449
836
649
886
727
323
507
990 991
426 427
882 883
6 8
809
954
675 676
739
749 750
505
332
926
900
200 204
310 318
880
77
73
942
75
978
56
319
707
240
245
997
64 65
98
425
164
113
296
723
294
509
768
854
129 130
966
554
390 392
684 685
229
431
211
135
961 965
927 928
553 558
222
337 338
748
581 582
557
340
183 185
983
645
196
604
848
491
993 995
533
568 571
239
267
57 58
713
639
922
972
403 405
292
193
686 689
620 622
166
442
59 61
306 307
246 248
488
235
7
879 881
122
893
941 943
91 93
502
938
369
754
556
672
52 53
800 801
132
501 503
70
964
662 664
360
433
525 527
149
80 82
20 26
831
917
126 128
315
170
610
532
305
352
504
351
753 758
114 115
463
156 157
473
168 169
5
663
720 721
167
678
397
10 12
312
998
757
859
702
528 529
48
865
677
996 999
416
764
499
184
719
49 51
87
125
500
515
62
805 806
218 221
286
83
483
577 578
134 137
633 634
628 630
520
652
127
623
950
729
272
803
298
409 410
231 234
710 711
273 280
787
163 165
992
406
842
275
665 666
243 244
109
232
468
328
945 946
123 124
591
299
330 331
980 981
898 901
845
66 67
962
96 97
937 940
455 458
732
179
788 789
823
635 636
570
16
238 242
607 608
412
786
792
583 585
411
375 376
567
45
266 269
63
317
793 794
136
291 295
668 670
888
846 847
203
562 563
112
969
912 915
358
467
186
496 498
621
276
986
281
802
575
29
106
339 341
158 160
695 696
413 414
333
279
380
860
747
404
335 336
615 617
391
551
214 215
313
116 117
936
654
592
216
932 934
704
560
325
825 828
655
536
78
923
261
863
466 469
593
967 968
329
594
512 513
799
103
595 598
342
209
741
855
816 817
480
368 371
202
775
206 207
24
602
687
864
435
656
691
869
586 587
236 237
640
497
254
795 796
797 798
364
233
852
644
347
629
188 190
401 402
891 892
225
870
105 108
357
959
303
834 835
365 366
74
3
908
334
440
982 984
837 838
86 88
316
462
650
667
850
451
39
28
812
614
389
460
987
213
756
441
742
761
60
804
33
171 172
36 37
420
774 781
952 953
438 443
813 814
131 133
894 897
474 475
561
827
89
549
537 542
832 833
755
994
921
746
853 856
21
415 417
730
450
785
161 162
682
314
751 752
361
584
765 769
174
867
694
579 580
180 182
452 454
1
956 957
548 552
541
394 395
722
616
247
321 322
944
784
857 858
840 841
902 903
976
947 949
140
708
485
601 603
780
120
843
839
646
647
301
453
680
407 408
712
456
418 419
907
693
688
187
576
219
459 461
372 373
516
311
379
822
249 250
963
970
955
348
429
35
896
278
38
436
300
935
251
282
121
899
31 32
84 85
191 195
782 783
895
477
555
343 344
181
519
526
94 95
651 653
913
430
470 471
726 731
539
43
878
631 632
434 437
534 535
252 253
197
906
208
147 150
154
42
939
777
297 304
484 487
772
100
378
353 355
545 547
223 224
851
790
54 55
779
178
283
228
356
374
807
669
734
393
701 703
194
871 872
690
572 573
277
738
648
400
759 760
308
159
71 72
139
493
638
309
910 911
627
514
320
387
255
274
220
226 227
9
948
829
889
293
538
588
107
287
76 79
626
811
716 717
212
866 868
718
396
887
874
448
605
302
381
176
102 104
173 175
0 2
